"row.names(wk15)"	"BarcodeSequence"	"LinkerPrimerSequence"	"ReversePrimer"	"Treatment.Group"	"Time.point..weeks."	"TumorVolume"	"TumorWeight"	"Description"	"Cage.number"	"MDS1"	"MDS2"	"MDS3"	"MDS4"	"MDS5"	"MDS6"	"MDS7"	"MDS8"	"MDS9"	"MDS10"	"MDS11"	"MDS12"	"MDS13"	"MDS14"	"MDS15"	"MDS16"	"MDS17"	"MDS18"	"MDS19"	"MDS20"	"MDS21"	"MDS22"	"MDS23"	"MDS24"	"MDS25"
"4.01.15"	"TAAGGCGGCGTAAG"	"AGAGTTTGATCCTGGCTCAG"	"GCTGCCTCCCGTAGGAGT"	"Control"	15	330.5018963	0.4508	"4.01.15"	1	-0.197126491145036	0.0734579401079064	0.082908594211275	0.141186737305609	0.168908791486994	0.105397657433906	0.132273170795003	0.250501810072972	0.00259123879521138	0.00296793626301402	-0.144769560209262	-0.11661873859778	0.191804116636731	-0.0582794680023711	0.0539950720018485	-0.0206608064712007	0.119698413087069	0.0310687240244108	-0.071501463765802	0.381723213563563	0.0178501795255151	-0.0603166851236078	-0.182955655984282	-0.00707191752748624	0.211694849315951
"4.02.15"	"TAAGGCGCTCTCTA"	"AGAGTTTGATCCTGGCTCAG"	"GCTGCCTCCCGTAGGAGT"	"Control"	15	347.3628051	0.3817	"4.02.15"	1	-0.103718242655033	0.148340989391459	0.224531715325761	-0.240669973041089	0.0945465279309191	-0.0359130192676182	0.000286270867367691	0.112365489241228	-0.103052557812826	-0.233310153235206	0.167767462784722	-0.0133916800725371	-0.12362257977074	0.160350650210282	-0.00445649796902321	0.329622207369474	0.266153072735485	0.121085150892311	-0.00575880930188272	0.057404645967238	0.12811988949332	0.159266773878935	0.0570242384068323	-0.126555000074582	0.117349917285124
"4.03.15"	"TAAGGCGTATCCTC"	"AGAGTTTGATCCTGGCTCAG"	"GCTGCCTCCCGTAGGAGT"	"Control"	15	843.9705188	0.8433	"4.03.15"	2	-0.166148595687182	0.0111930772206028	0.0133747088941626	-0.0893850758826467	0.265825528166487	-0.0970412611441052	-0.245377411179997	-0.0184460191983421	0.103037444789918	-0.0494665298479139	0.162511598846548	0.332153341610277	-0.0706304662067194	-0.0431318139535813	-0.188766045339638	0.0705343595042752	-0.0905787656141828	0.0903908120225695	0.162432315029751	-0.0258934178493549	0.100234000509496	-0.13829093157515	0.255025643094715	-0.00780463376037236	-0.189585610463405
"4.04.15"	"TAAGGCGAGAGTAG"	"AGAGTTTGATCCTGGCTCAG"	"GCTGCCTCCCGTAGGAGT"	"Control"	15	125.083112	0.1759	"4.04.15"	2	-0.240215221770781	-0.000506663130760446	0.0242261215318189	0.0587407838508835	0.0541914909517202	-0.0306420605188085	0.14215442815536	-0.0624700919670636	0.520500941425661	-0.115718522297084	0.053086420187649	-0.0405275022049991	-0.0265167489405457	-0.157551266049601	0.0137574462640744	-0.274806960454186	0.0660358573288527	0.276065579324546	0.216292700547461	-0.146046168709957	-0.0266148979524478	0.125527719143402	-0.231120812079806	-0.0777043570354953	0.0661854407195765
"4.05.15"	"TAAGGCGGTAAGGA"	"AGAGTTTGATCCTGGCTCAG"	"GCTGCCTCCCGTAGGAGT"	"Control"	15	129.3565264	0.2311	"4.05.15"	3	-0.0862974029008308	0.138293201944467	0.00295950006999573	0.0613302149547123	0.260906518491392	0.160625332375029	-0.246158418699978	0.106322120996543	-0.0438201434801668	-0.0343438389343235	-0.110493582480912	0.0932367165100882	-0.0770599181498717	-0.0529654650354443	-0.0386286410039188	-0.0605789537896172	-0.0709400436535648	-0.0311116010287584	0.0159971046928931	0.0155007567424938	-0.411529015045547	0.330445688452576	-0.0561491248551585	0.0776591114237254	-0.0531013523852692
"4.06.15"	"TAAGGCGACTGCAT"	"AGAGTTTGATCCTGGCTCAG"	"GCTGCCTCCCGTAGGAGT"	"Control"	15	3.31775226	0.007	"4.06.15"	3	-0.0964195275375413	0.209283677188848	-0.079195847509066	-0.0104834863021175	-0.0131752959369848	-0.0630647751381177	0.217277943325676	0.0552868571939327	-0.116411858414414	0.179347984918913	-0.325483851954797	0.0893464224414937	0.0713120899929785	0.187595084730603	-0.226640202356266	-0.107346196422013	0.0526342209619975	0.0729017843090925	-0.105083005396994	-0.157143662693105	0.168508256517724	-0.0818340369523723	-0.000631848939740618	-0.0219246095103132	-0.117401788228598
"4.07.15"	"TAAGGCGAAGGAGT"	"AGAGTTTGATCCTGGCTCAG"	"GCTGCCTCCCGTAGGAGT"	"Control"	15	NA	NA	"4.07.15"	4	-0.28291218074734	-0.00967076761708803	-0.0940081957162246	-0.19268710290865	-0.114920619216383	0.153399760662279	-0.103347846938679	-0.131015043694359	0.191016050687427	-0.0211095600669838	0.0225817315984757	-0.147249464948915	0.402491069142352	0.300995755825877	0.0717414915734563	0.273753657797158	-0.207183891918064	-0.095227848011715	-0.120752174627076	-0.0398440533576566	-0.08390914668638	-0.0853695173841073	0.121127252895043	0.045576461235634	0.0765149062589105
"4.08.15"	"TAAGGCGCTAAGCC"	"AGAGTTTGATCCTGGCTCAG"	"GCTGCCTCCCGTAGGAGT"	"Control"	15	1316.773315	0.9987	"4.08.15"	4	-0.123558689875271	0.102516527424125	-0.08355608956027	0.108146432185085	-0.0358187702311241	0.0919947154394656	-0.0587269500992585	-0.0218756933356576	-0.0116482209092403	0.0934073907751653	-0.00628624326243581	-0.245116614740188	-0.0323181136818074	-0.149521330469957	-0.427695458950305	0.0672253961210253	0.0811545843893713	0.0310298016328194	0.217138722618362	-0.0633265142517072	-0.0108999112928171	-0.172607517183876	0.280649506649605	0.0302788474994383	0.0541616868901842
"4.09.15"	"CGTACTAGCGTAAG"	"AGAGTTTGATCCTGGCTCAG"	"GCTGCCTCCCGTAGGAGT"	"Control"	15	495.8184218	0.4016	"4.09.15"	5	-0.0737084858003241	0.204222071205025	0.19542203839414	-0.321248890540366	-0.107586008046118	-0.142756572747163	0.0417040875758199	-0.228432954708036	0.0958953398719636	-0.183823616812804	-0.174798356153835	0.0941316813104587	-0.0470537489647859	0.0593036317097282	-0.0541923734015275	-0.315994572307061	0.0702087761695487	-0.190345803071765	0.013552077678182	0.00364855984241185	-0.103944135670945	-0.0215451688195432	-0.0567955951096271	-0.0646453500764248	0.0273278595988648
"4.10.15"	"CGTACTACTCTCTA"	"AGAGTTTGATCCTGGCTCAG"	"GCTGCCTCCCGTAGGAGT"	"Control"	15	1767.811682	0.725	"4.10.15"	5	-0.103792430103992	0.00555077948240862	-0.311036182798356	0.0756498305686507	-0.0521494023313353	-0.0453920784906936	-0.173678097707151	0.239446614449949	-0.0499031607704322	0.158026742290352	-0.0610249737208614	0.196384898994333	-0.186871733071913	0.168829013602722	-0.0317350630671271	-0.0764276559683325	-0.0703447598806876	-0.0123150920048963	-0.183135052887655	-0.0640030575765402	0.0678540715005727	-0.183048549736758	-0.373542907709574	-0.145648765988705	-0.0719557529263447
"4.11.15"	"CGTACTATATCCTC"	"AGAGTTTGATCCTGGCTCAG"	"GCTGCCTCCCGTAGGAGT"	"Control"	15	NA	NA	"4.11.15"	7	-0.157146526180541	0.0907023323743741	0.10634031781701	0.100727841234129	0.225494743048544	-0.152764547545712	0.140862913550287	0.0585702178650963	-0.10885402181169	-0.115438510990915	-0.0537201704671609	-0.135760943995286	0.0678868554932929	-0.0889390341018843	0.219070787449507	-0.0289820945384644	-0.371421671779253	-0.289923661683433	0.146180006897874	-0.0835199332591811	0.138067774687939	0.0163600332141954	0.182209003052467	0.0629124314661407	0.00582963258169291
"4.110.15"	"TAGGCATAGAGTAG"	"AGAGTTTGATCCTGGCTCAG"	"GCTGCCTCCCGTAGGAGT"	"ICR"	15	67.90584724	0.1235	"4.110.15"	55	0.262278580825917	0.166863050591216	-0.0758662925900628	-0.00799353335114299	-0.159795534510386	-0.00266727055085571	0.0701753968420383	-0.23939166113035	0.134262089468455	-0.201561045413088	-0.266354750006732	0.221457765740102	0.149391149539229	0.036665523842499	-0.00253413788616583	0.0872128328632624	0.118903186061826	0.0721089354603573	0.047662948073008	0.0894567594410137	0.023770826699507	-0.0909523132230843	0.0848858291718542	0.0388911834684991	0.00778098879454963
"4.116.15"	"TAGGCATGTAAGGA"	"AGAGTTTGATCCTGGCTCAG"	"GCTGCCTCCCGTAGGAGT"	"ICR"	15	84.2351472	0.1349	"4.116.15"	58	0.148948059669037	-0.116626148675295	0.13810266225237	0.173839007296869	-0.133058908721008	0.241034704807963	-0.0290769291737145	-0.159023129709341	0.000421095919585601	0.2108906806723	-0.0395393730126787	0.230359577261886	-0.119814553980158	-0.172653173195677	-0.00543858438112934	-0.0957747527124483	-0.273398583380728	-0.193628683879692	-0.0586168148438229	0.0920949539890191	0.0344480464584669	0.172298931668947	0.0544073590727458	-0.117557892397552	-0.0832663578559557
"4.13.15"	"CGTACTAAGAGTAG"	"AGAGTTTGATCCTGGCTCAG"	"GCTGCCTCCCGTAGGAGT"	"Control"	15	443.5236728	0.8042	"4.13.15"	7	-0.0883343566646471	0.140904393458864	0.298849286174191	-0.097558744647278	-0.0468494732274707	-0.0164271820454938	-0.240863431046764	0.0359379811078585	-0.0420666221164638	-0.030391439503814	-0.0228567469979434	-0.0503626484008419	0.0485353101125919	-0.284490338001298	0.122693047171577	-0.0297544900495644	-0.143013516730074	0.154609196122799	-0.144730711705484	-0.166589574108361	0.0685175663745146	-0.244805970573689	-0.0952120041714763	0.13697854942382	-0.140512891260937
"4.14.15"	"CGTACTAGTAAGGA"	"AGAGTTTGATCCTGGCTCAG"	"GCTGCCTCCCGTAGGAGT"	"Control"	15	1146.839407	1.045	"4.14.15"	7	-0.267732012586969	0.0919115722255523	0.378046915390866	0.213927143190936	-0.223199821536493	-0.0906706683443371	0.220842829501333	-0.0568068702755998	0.0385286887833461	0.358645354378943	0.160113261515567	0.167313477899829	-0.0945024822513262	0.0062310544217806	-0.00726308337354226	0.146268213407736	0.0645098764757457	0.0572250808405284	-0.108422921884414	0.0901857758560576	-0.0493681665396391	0.0612049837074852	-0.0531389587211236	0.0166556742179193	-0.00904706728479224
"4.15.15"	"CGTACTAACTGCAT"	"AGAGTTTGATCCTGGCTCAG"	"GCTGCCTCCCGTAGGAGT"	"Control"	15	NA	NA	"4.15.15"	8	-0.110015274962221	0.111584028828221	-0.0891677041360841	0.216730019258896	-0.243610533951382	0.0671123333844234	0.114723230106667	0.208157413077159	0.082627638857472	-0.142498663264181	0.0649463007059461	-0.128458791824919	0.0385434438978033	0.0352736503343911	0.0587511168946746	-0.074605386240537	-0.182837618280738	-0.10571052088391	-0.019543526482638	0.0858083643614246	-0.118635675939091	0.100106009045739	0.210960906685178	0.0600456788067809	-0.323229176340442
"4.16.15"	"CGTACTAAAGGAGT"	"AGAGTTTGATCCTGGCTCAG"	"GCTGCCTCCCGTAGGAGT"	"Control"	15	706.5063418	0.9583	"4.16.15"	8	-0.0644288251404229	0.133255603776834	-0.220736985056226	0.0362806201979378	-0.131349273898951	-0.0198695372073612	0.0128381958767309	0.00288034054439785	-0.0611642107392823	-0.0561171509787482	0.0997289584009972	0.0543090363431699	-0.136042631218802	-0.205212071776656	0.117144178335285	0.365985885082651	0.061975540785521	0.00765459176731215	-0.269157454451238	0.0951837336103081	0.059397410976498	0.134816446368215	-0.0753383273255644	0.374065851969852	0.0621355730675845
"4.17.15"	"CGTACTACTAAGCC"	"AGAGTTTGATCCTGGCTCAG"	"GCTGCCTCCCGTAGGAGT"	"Control"	15	28.1051823	0.0396	"4.17.15"	9	-0.158870859726046	0.0450696843640985	-0.118679165340273	0.313140968673585	0.0986751561438142	-0.0183248885687977	-0.120327403816392	-0.266207630344011	0.147367751036441	0.0697443704405107	-0.0680896806698893	-0.0160862587720625	0.119021467943953	-0.0146928873755018	0.0333678405445843	-0.0498660604581039	0.208675283163592	-0.118745948690729	-0.2981710866617	-0.0835580489228243	0.164940357232425	0.0987429016668249	0.0709845074432369	-0.138768151341111	0.0943424927184884
"4.18.15"	"AGGCAGAGCGTAAG"	"AGAGTTTGATCCTGGCTCAG"	"GCTGCCTCCCGTAGGAGT"	"Control"	15	481.1832398	0.5959	"4.18.15"	9	-0.0698697313832208	0.100523843198436	-0.169138904372233	0.00133286730911443	0.0436759492600249	0.158088258609392	-0.240697423568021	-0.34060976897683	-0.346022636931773	0.123406305232821	0.124357876769635	0.00932645560864928	0.235106007017322	0.0283562474018037	0.0553732699145509	-0.0873255850719975	0.235427845182206	0.0857420126860687	0.132405886240262	-0.0201414314745908	-0.0429619541997208	-0.0502682503063291	-0.170956559809224	0.0470685040364974	-0.159475765152994
"4.19.15"	"AGGCAGACTCTCTA"	"AGAGTTTGATCCTGGCTCAG"	"GCTGCCTCCCGTAGGAGT"	"Control"	15	NA	NA	"4.19.15"	10	-0.0294639175686564	0.105360225415334	-0.0828215589794175	0.0827395839668953	-0.155125806520046	-0.0431591823291118	-0.0292618456902899	0.0214483045531941	-0.202979187806976	0.0554833967697401	0.0375466119341147	-0.0815308901822171	-0.114911979661371	-0.115641286244867	0.43852504978846	-0.018209573319216	0.0414964774510405	0.190411932780024	0.334578479052632	0.190846742518944	0.159515802282882	-0.162695335904641	0.135226892420836	-0.439216106820962	-0.0261135225025126
"4.20.15"	"AGGCAGATATCCTC"	"AGAGTTTGATCCTGGCTCAG"	"GCTGCCTCCCGTAGGAGT"	"Control"	15	NA	NA	"4.20.15"	10	-0.0542962118825223	0.138297839212459	-0.0117890340487746	0.163259949067282	-0.0917688395185507	-0.162158828201421	-0.152095855898721	-0.0993350358232575	-0.180278556736895	-0.192986421133223	0.124263980255413	-0.0855608887368564	-0.33097120906174	0.288286629043118	-0.207730837371608	-0.0417044104240261	-0.20527975779611	-0.106219587479433	0.129164539026527	-0.0984718486850363	-0.0771908552352139	0.027819333460148	-0.0812377837911038	0.0354734575797796	0.257326711041333
"4.25.15"	"AGGCAGAAGAGTAG"	"AGAGTTTGATCCTGGCTCAG"	"GCTGCCTCCCGTAGGAGT"	"DIO"	15	NA	NA	"4.25.15"	13	-0.0744374137689512	-0.299686251515586	0.0341911582604544	-0.224948565507584	-0.189645372093364	-0.129246030691333	0.0828067864609807	-0.10759612891637	-0.0324515554738234	0.0258021739094922	0.170278823663341	0.113827119758421	0.109741263353393	0.126470790146302	-0.0929798357564775	0.0533005140561234	-0.362717695887242	0.16879844024011	0.045581957493462	0.242031639442569	-0.0817473907733775	-0.00554856063642385	-0.259565415364045	-0.113554117936398	0.0407533326929131
"4.29.15"	"AGGCAGAGTAAGGA"	"AGAGTTTGATCCTGGCTCAG"	"GCTGCCTCCCGTAGGAGT"	"DIO"	15	NA	NA	"4.29.15"	15	0.140852024619396	-0.131934639032644	0.138491842371125	0.168220661853428	0.124938844978669	0.0655231732797489	-0.153133315040865	0.141754597998517	-0.0187336294861846	0.0141264886389746	-0.0181926498053987	0.0849340353199768	0.350189677814912	0.0302343698575379	-0.138574926182915	0.0283831806364938	-0.0750081703481483	-0.108135167089026	0.330950329931339	0.0742923226688384	0.317771266240473	-0.0581660752071094	-0.256988702001238	0.217640878557114	0.0457790698911321
"4.31.15"	"AGGCAGAACTGCAT"	"AGAGTTTGATCCTGGCTCAG"	"GCTGCCTCCCGTAGGAGT"	"DIO"	15	877.3993984	0.8988	"4.31.15"	16	0.137468417885855	-0.0303236288134356	0.0651751204886149	0.0676848831779112	-0.0227815303557806	0.274247153526028	0.0383128938140782	-0.132696360533372	0.0483927622437253	-0.121796361107235	-0.0898272213352193	-0.237187795151615	-0.307112771220421	0.111336941521967	0.178994816726416	0.0251892045967521	-0.0643704680954251	0.166270348621542	-0.0523155854841006	-0.240477636148569	-0.0647116712724081	-0.283771549336885	-0.141943705860687	0.143610658431432	-0.0103964256932804
"4.32.15"	"AGGCAGAAAGGAGT"	"AGAGTTTGATCCTGGCTCAG"	"GCTGCCTCCCGTAGGAGT"	"DIO"	15	NA	NA	"4.32.15"	16	0.2006258270579	-0.124274495345354	0.105139530648707	0.09147959849437	-0.122273586498165	-0.166208891418449	-0.290509350253758	0.0122298387111142	0.0329878984941348	-0.0365243404353505	-0.115535688602264	-0.2180345286594	-0.0404449631124336	0.0272095220898226	-0.145338208705992	-0.0471220968816713	-0.0511992317442266	0.200552084352057	-0.200681669923891	0.319895950269584	-0.105004033954025	-0.155481940870287	0.17476266487862	-0.000372965822545458	-0.0704033363640522
"4.40.15"	"AGGCAGACTAAGCC"	"AGAGTTTGATCCTGGCTCAG"	"GCTGCCTCCCGTAGGAGT"	"DIO"	15	1193.916774	1.3374	"4.40.15"	20	0.0744826343578819	-0.116618353578997	0.0797303134560721	0.0912873624351737	0.300337808523419	0.161404948562181	0.00328506162399613	0.091195530251836	0.0813793521776207	-0.242684641762917	-0.0318327558159147	0.280530581518806	-0.129897491559608	0.177445389901895	0.06899431590912	0.0866198868420796	0.121070422301024	0.00937131487462718	-0.0273157742085585	0.173644245810125	-0.0594315743174718	0.00992753964708041	0.0130524639484263	-0.0738610661705809	-0.176262333118886
"4.41.15"	"TCCTGAGGCGTAAG"	"AGAGTTTGATCCTGGCTCAG"	"GCTGCCTCCCGTAGGAGT"	"FOb"	15	1078.897703	1.6042	"4.41.15"	21	0.0581478492272377	-0.159560065159168	-0.190454031659286	0.116627729505529	-0.13282667125999	0.11531442728897	0.166734053007506	0.128234301064171	0.0598954255079974	-0.100086225205835	0.0712996736868538	0.0950708515120371	-0.0669673477643739	0.130171861503113	-0.217642469674422	-0.106324971248536	0.00788420294242402	0.036675714931715	-0.0328828278836501	-0.0396531611510708	0.286219458141647	0.0418333941431647	0.221565261660067	-0.0658354239170538	0.205085688773784
"4.42.15"	"TCCTGAGCTCTCTA"	"AGAGTTTGATCCTGGCTCAG"	"GCTGCCTCCCGTAGGAGT"	"FOb"	15	360.1725508	0.4719	"4.42.15"	21	-0.110133935898687	-0.21422842123856	-0.0705761114026464	-0.260791821962997	0.0493755707460509	0.433685660025991	0.0809038131264111	0.0385839661262717	0.049745350175763	0.192854225306247	-0.242598191351529	0.0504088021440788	-0.175675647013621	-0.0869766627960407	0.128265095092383	0.0579586156361145	-0.0920946130613003	0.0449659511892426	0.0807548056877521	-0.106816045232152	-0.0255778217419266	-0.0623722402434083	0.0910493986882425	0.0492792963429323	0.211486686930499
"4.45.15"	"TCCTGAGTATCCTC"	"AGAGTTTGATCCTGGCTCAG"	"GCTGCCTCCCGTAGGAGT"	"FOb"	15	NA	NA	"4.45.15"	23	0.268738665889474	0.224120269887215	-0.079064891490763	-0.147588128000141	0.120438674123696	-0.0631760273533662	-0.120855930519729	0.054150191732111	0.110102248551151	0.244056411701741	0.157711959012571	0.070066172935302	0.197986470702222	0.119884181185911	0.211682203503238	-0.250714300281341	-0.127207909884455	0.161788612535115	-0.164330340236677	0.0339743566227773	-0.0980574161986992	0.14158430607705	0.253378549496667	-0.0637865060411509	0.221160507891259
"4.51.15"	"TCCTGAGAGAGTAG"	"AGAGTTTGATCCTGGCTCAG"	"GCTGCCTCCCGTAGGAGT"	"FOb"	15	288.789568	0.3895	"4.51.15"	26	0.037865401313328	-0.23662388086583	0.12807986939398	-0.0964281993599748	0.0717209873889717	-0.0864308835559328	0.136691406225	-0.109306340572542	0.00305445849085033	0.13765993326261	0.378325818114627	-0.000447240404107695	-0.00546645366530774	-0.141320501860894	-0.0449898658120814	-0.127552064256625	0.163435454885799	-0.120374766389284	-0.12708018129723	-0.158198494536626	0.0872109165061988	-0.136528992719218	0.0940606275050169	0.161801447887364	-0.10527651415872
"4.52.15"	"TCCTGAGGTAAGGA"	"AGAGTTTGATCCTGGCTCAG"	"GCTGCCTCCCGTAGGAGT"	"FOb"	15	976.7523896	1.4493	"4.52.15"	26	0.014581612523731	-0.193193646563526	-0.0654306469376941	-0.0542320456770987	0.285008305103518	-0.272093101916396	-0.0593313043479211	-0.164322692586891	-0.0933809395452185	0.0492515258588192	-0.106807705225045	-0.127197644010412	-0.210155717164721	-0.0288311066178019	0.0968964021231909	-0.158716631205206	-0.0538031401409094	0.0897541110796045	-0.172468896594561	0.137375001712059	0.225861274956718	0.10988086170355	0.0383103367901989	0.216182803791269	0.185561194511868
"4.56.15"	"TCCTGAGACTGCAT"	"AGAGTTTGATCCTGGCTCAG"	"GCTGCCTCCCGTAGGAGT"	"FOb"	15	NA	NA	"4.56.15"	28	0.145085132524095	-0.185772933862933	0.252891671952524	0.198702214509745	-0.012534897744932	-0.0938664116410221	0.00903443221554151	-0.157690175523695	-0.0462007740273863	0.210031168869072	-0.219998569928366	0.0586707795971747	-0.000957856194691285	0.2284137590439	0.104453824939565	0.235291024793657	0.144785511293411	0.036468198602219	0.232589505029412	-0.146175584249469	-0.187979685691209	0.106190875057211	0.142981361688919	0.0700351439710786	0.0728791179585786
"4.57.15"	"TCCTGAGAAGGAGT"	"AGAGTTTGATCCTGGCTCAG"	"GCTGCCTCCCGTAGGAGT"	"FOb"	15	603.9626877	1.1375	"4.57.15"	29	0.250564861237293	0.202340693607119	-0.0215356243375312	-0.198534848656656	-0.0346147981741196	-0.126762899645162	0.0112255778691174	-0.0113355243260709	0.0278838832317293	0.0716613948226679	-0.239905805786417	-0.0384519295894547	-0.00743026496041821	-0.388136591138777	-0.212055401631149	0.309636829882953	-0.148598206000174	-0.0657425455839521	0.0204425119868364	-0.0731962966657805	0.102016869673444	0.188780318848976	-0.14722428698434	-0.210429448299308	0.0393800058082862
"4.58.15"	"TCCTGAGCTAAGCC"	"AGAGTTTGATCCTGGCTCAG"	"GCTGCCTCCCGTAGGAGT"	"FOb"	15	233.5942796	0.4562	"4.58.15"	29	-0.0941456498090611	-0.229129906287687	-0.0242806369768886	-0.271662511813372	-0.0474326746191015	-0.0643799672531449	-0.0793612079134706	0.222334413453586	0.0650756006474526	0.0512530061009473	-0.182036183873606	-0.0920734586977741	-0.0426506875248453	0.101184625688458	0.0456499935472016	0.0354004893101864	0.0881510895427851	0.0500864902007076	-0.0332038812825145	-0.0706586360286913	0.200645840447683	0.142231893971161	0.11011486104709	0.00953335036382234	-0.318619800837551
"4.62.15"	"GGACTCCGCGTAAG"	"AGAGTTTGATCCTGGCTCAG"	"GCTGCCTCCCGTAGGAGT"	"HCCR"	15	82.08101928	0.1307	"4.62.15"	31	0.214600386094821	-0.10574482135774	0.0702440230904653	0.166896036119183	-0.210048837244114	-0.178435087669443	-0.187655965648235	0.212988067004023	0.151569215076969	-0.173327467770703	0.0502133090996836	-0.00446069560504569	0.156103267322982	0.0330253201310816	0.218321098240946	0.0443236679753548	0.0849911159268386	-0.034680083443922	-0.0205452237987036	-0.370365093677311	0.0830958500817586	0.103166698522366	-0.137890666727968	-0.030604187631731	0.0500204544211437
"4.63.15"	"GGACTCCCTCTCTA"	"AGAGTTTGATCCTGGCTCAG"	"GCTGCCTCCCGTAGGAGT"	"HCCR"	15	49.48354469	0.0565	"4.63.15"	32	-0.16438410791106	-0.210652107168612	-0.0608224380486386	-0.175211645521068	-0.257394444325173	-0.0719482551731197	-0.100318974136605	0.160351240081104	-0.273212952951055	-0.0616673779135707	-0.0667643179882309	0.149928430816201	0.0174923786532141	-0.121405765182703	0.105533949045639	-0.165684684201095	0.245505068875955	-0.341293684203402	0.0783307035761302	-0.0777459347519132	-0.169191433510316	0.0567919985037439	0.0714252962894958	0.00523235607677685	0.171172510561559
"4.64.15"	"GGACTCCTATCCTC"	"AGAGTTTGATCCTGGCTCAG"	"GCTGCCTCCCGTAGGAGT"	"HCCR"	15	104.5912585	0.147	"4.64.15"	32	-0.0178040933779282	-0.225405746053721	0.00678410278868248	0.0404248061764716	-0.0694459953947884	-0.0560982838840499	0.174058967209068	-0.0828898023512725	-0.152261270711772	-0.278234469698224	-0.181465595038935	-0.0653830179175079	0.122371674243851	-0.161601587172781	-0.085231313967138	-0.142867617279475	0.100103982130067	0.0468179697209173	-0.075791060156865	0.196199562180969	-0.124869838105257	-0.0329517280282664	-0.000338291541973303	0.100932095403058	-0.111989510372994
"4.65.15"	"GGACTCCAGAGTAG"	"AGAGTTTGATCCTGGCTCAG"	"GCTGCCTCCCGTAGGAGT"	"HCCR"	15	NA	NA	"4.65.15"	33	0.15063587118166	0.0237137596726971	0.183763670191125	0.0115602882063692	0.0246135279749195	0.277147980925557	0.0925278396771916	0.16991123837046	-0.271392915687272	-0.18580222485041	0.198383911286646	0.0891320262648642	0.160003633102356	-0.149538672723861	-0.165102431147829	-0.0767853675224073	-0.0213765436568474	0.162674347143647	-0.257415422808411	-0.208248204031592	-0.101736677878669	-0.0762695758841746	0.0703820638814035	-0.196278271123891	0.174182146647583
"4.71.15"	"GGACTCCGTAAGGA"	"AGAGTTTGATCCTGGCTCAG"	"GCTGCCTCCCGTAGGAGT"	"HCCR"	15	NA	NA	"4.71.15"	36	0.0486744414231484	-0.194671896140926	-0.00549583141230628	0.0128018953136995	0.26411774475736	-0.112127358904308	0.0407856942798479	0.0149254424993827	0.0468357494999534	0.128254971219515	0.0257584662921877	-0.352203397256849	0.0214354431424011	0.0132280057462543	-0.100802347663514	0.155591390570119	0.0795158474805703	-0.24639249415814	-0.112019696899453	-0.0542594876473736	-0.242338346891724	-0.0994162875896928	-0.120336423795231	-0.421852449322279	-0.042483703157599
"4.72.15"	"GGACTCCACTGCAT"	"AGAGTTTGATCCTGGCTCAG"	"GCTGCCTCCCGTAGGAGT"	"HCCR"	15	214.4443658	0.308	"4.72.15"	36	0.102890812589818	-0.0353603127253578	-0.255627942095991	-0.00609239537141306	0.00186406395804762	0.0149347462765931	-0.0425641000476325	-0.126768793653852	0.271640992077386	-0.116404979522792	0.203361954159647	0.117467128646438	-0.0909067198272054	-0.205954454183464	0.0617572178632878	0.144158322994663	0.0706337291902326	-0.274753396859061	0.0458495431500501	0.15090802529541	-0.0696444697291822	-0.22053688522403	-0.024137984920582	-0.0457383399006476	0.0115421236559144
"4.76.15"	"GGACTCCAAGGAGT"	"AGAGTTTGATCCTGGCTCAG"	"GCTGCCTCCCGTAGGAGT"	"HCCR"	15	NA	NA	"4.76.15"	38	0.232186982015361	0.227255034088872	0.104900626305227	-0.16355646957389	-0.0810521595941928	0.0509973860523004	-0.0210449299560853	0.289478476248106	0.197356145680759	0.27258491300572	0.104168720531045	-0.132395785960936	-0.120726652915017	0.110103283794217	-0.044923213920397	-0.135454473639104	0.199429149508473	-0.211990679961814	0.125651484054343	0.183470932389766	-0.0597486927038291	-0.138531030881713	-0.0373140209758624	0.235359440206062	-0.01686503200172
"4.81.15"	"GGACTCCCTAAGCC"	"AGAGTTTGATCCTGGCTCAG"	"GCTGCCTCCCGTAGGAGT"	"LCCR"	15	0	0	"4.81.15"	41	0.0480517898929808	-0.0832654449141397	-0.313493868772197	0.0361237283303203	0.0230835738368467	-0.22504834494277	0.146098346854306	0.13846422109732	-0.0248963612585096	0.0969340991915556	0.0730832841333167	-0.00502594338035487	0.0867813353822724	-0.135948504516679	-0.054038621125204	0.0484524115507805	0.00690034999213786	0.326284959449755	0.185975786546943	-0.12378094399317	-0.31954005681019	0.129455036194331	0.015831385933381	0.169408817763306	-0.0118322839789956
"4.89.15"	"TAGGCATGCGTAAG"	"AGAGTTTGATCCTGGCTCAG"	"GCTGCCTCCCGTAGGAGT"	"LCCR"	15	263.8991648	0.2631	"4.89.15"	45	0.104738870608878	-0.00113127690653751	-0.0266096649426381	-0.117179276737728	-0.0841209148058971	0.300674554785438	-0.0176630118472082	-0.159578540085054	-0.0524921636078444	-0.0252680935683087	0.189162843255563	-0.321082937163002	-0.028466594373561	0.0649793267340399	-0.0764308882094731	-0.103169093474362	0.0430407148269746	-0.00372463836412942	0.0870622966080486	0.0878406297241342	0.227198234417212	0.451616844651539	-0.131960209712071	-0.0216247698681385	-0.13668723151379
"4.95.15"	"TAGGCATCTCTCTA"	"AGAGTTTGATCCTGGCTCAG"	"GCTGCCTCCCGTAGGAGT"	"LCCR"	15	227.5921774	0.2314	"4.95.15"	48	0.144486535443058	0.103128538298341	-0.0990387650497319	-0.0419401758474818	0.152322068965902	-0.0511478698162119	0.322317989708207	-0.0346524926011198	-0.10410621782147	-0.00580202929727536	0.0735601250062823	0.0264584346897612	0.0352672809976879	0.0893124183689387	0.0986279669658663	0.000573464052837082	-0.0761924101577557	-0.0918145427685203	0.0537988671797959	0.0288129598859405	-0.00171667053995222	-0.167781283350127	-0.0761167721457179	0.106605647542134	0.182834974461461
"4.96.15"	"TAGGCATTATCCTC"	"AGAGTTTGATCCTGGCTCAG"	"GCTGCCTCCCGTAGGAGT"	"LCCR"	15	760.0829984	0.6048	"4.96.15"	48	0.149055428703394	0.106492273989425	-0.0857273757752673	-0.0306483124800905	0.142534293918555	-0.0537615074709588	0.314128374862941	-0.0550679234272471	-0.126837403390279	-0.022026810018214	0.0561688824466016	0.0300950593497132	0.0057113977644606	0.127904943563599	0.0695942650019716	0.0309472431728924	-0.0547527746790601	-0.0486713992485161	-0.0414689885177447	-0.112185902892612	-0.024894354043955	0.021041838827852	-0.0385193521736466	-0.0203933568977054	-0.417982416879404
