"row.names(wk25)"	"BarcodeSequence"	"Treatment.Group"	"Time.point..weeks."	"Tumor.volume"	"Tumor.weight"	"Cage.number"	"MDS1"	"MDS2"	"MDS3"	"MDS4"	"MDS5"	"MDS6"	"MDS7"	"MDS8"	"MDS9"	"MDS10"	"MDS11"	"MDS12"	"MDS13"	"MDS14"	"MDS15"	"MDS16"	"MDS17"	"MDS18"	"MDS19"
"3.03.25"	"TCCTGAGC+CTAAGCCT"	"Control"	25	"57.32463128"	"0.0717"	65	-0.189484478005991	0.0554575524903099	-0.159576879025295	0.0803992276959108	-0.212263332463076	-0.099794146381436	0.100842294852031	-0.0639157801166765	0.0791553027466182	0.041468907381155	-0.0221397369873439	0.225130184288555	-0.225633907056289	-0.000240774726927666	0.152971685417709	-0.304705534185268	-0.284760159147517	0.0811331668744394	0.138969013135133
"3.04.25"	"GGACTCCT+GCGTAAGA"	"Control"	25	"24.22741104"	"0.0311"	65	-0.180062409603394	-0.0922449772809427	0.000367393518398262	0.148711935669354	0.146563262464662	0.095949414838737	0.189583046759644	0.0483020425628059	-0.029512791576674	0.0219417314837669	-0.155097773511167	0.331456815375689	-0.150866457499556	0.217633719435863	-0.320125829159392	0.026440803136334	-0.183465614012263	-0.106426887429695	-0.0366038576364726
"3.05.25"	"GGACTCCT+CTCTCTAT"	"Control"	25	"68.14359757"	"0.1922"	66	-0.10585752292565	-0.185100310403865	-0.0443849652299244	-0.191231114774493	0.14481883081434	-0.0575424843687482	-0.095837213928313	0.096644017347567	0.170796157653671	0.19481337832003	-0.057065754979017	0.170913813582768	0.255832074049467	0.304621509473868	0.130886548520459	-0.00240074918155818	0.122304321053709	0.0994800227894738	0.0985945948430116
"3.06.25"	"GGACTCCT+TATCCTCT"	"Control"	25	"109.345005"	"0.1504"	66	-0.106370324254469	-0.0866307210145166	-0.125827732467126	-0.109046715860778	0.180459781731744	-0.142373078871158	-0.0841024161442681	-0.0613170159821454	0.10442513938952	-0.331495750034692	-0.0884102539606132	0.13548754658249	-0.0962779028749104	-0.0303652719519975	-0.352494391376004	0.232638292311729	0.0501132017909086	-0.473712293139776	0.0739302348976175
"3.09.25"	"GGACTCCT+AGAGTAGA"	"Control"	25	"145.1390064"	"0.2418"	68	-0.13405140631927	0.0278757949226791	-0.114369540643699	0.0174454428813256	0.120306910459452	-0.0765400834714719	-0.00128180073578582	-0.161467635225148	-0.163481970232398	-0.33601382576477	-0.12940400644801	-0.193065310738584	0.189709501879548	0.0580125282642089	0.0306258510953469	-0.0707737352991683	-0.0453176660724696	0.371334373584906	0.343311627944066
"3.18.25"	"GGACTCCT+GTAAGGAG"	"Control"	25	"85.55816736"	"0.335"	72	-0.116924045493256	-0.0428513335372545	0.0716626552164494	0.109711678029576	0.243042169789718	0.0649802405300453	0.0289053725787881	0.180989166439905	-0.244959310214114	-0.235535023870422	4.18568630008191e-05	0.0228425400791762	0.117812095614544	0.0533782325160489	0.233935505009583	0.159362735726425	-0.123572929099363	0.284926044323214	-0.343135468190634
"3.19.25"	"GGACTCCT+ACTGCATA"	"Control"	25	"146.8452149"	"0.1218"	73	-0.116181376839833	0.063395099246388	0.0648448218462277	0.144964645761281	-0.0469089912798973	-0.100681072062176	-0.190799832952465	-0.185146793203493	-0.407971122988993	0.142949261204584	-0.185802115358317	0.0475008534818777	-0.0548127196935434	-0.309413686299033	0.0482205180667411	-0.295401833541019	0.125918443013792	-0.276040479457295	-0.345610259896596
"3.20.25"	"GGACTCCT+AAGGAGTA"	"Control"	25	"186.0865056"	"0.3652"	73	-0.0843971590341864	-0.248516952308804	0.15843201618813	-0.0766698998654973	0.104633210559257	-0.104119042130047	-0.328667831948632	-0.301469503922802	-0.224038254068136	0.0860563449742859	0.279329006707821	-0.167294246992625	-0.444155224533205	0.250113533503832	-0.108113389958746	0.118412035821816	0.0956883218377453	0.160132954564722	0.181116559061564
"3.22.25"	"GGACTCCT+CTAAGCCT"	"Control"	25	"541.3447575"	"0.681"	74	-0.119174061942203	-0.305343337364291	0.336119180072325	-0.0759437935111199	0.0422656005115937	-0.199675247099523	0.201303173852165	-0.38198182770993	0.186647395611317	0.120632138260632	-0.124715468890841	-0.0368116632122811	0.297717748431433	-0.209934458920803	0.0189660058724186	-0.0710178164490165	-0.108632556923742	0.037079277916972	-0.0564824012299477
"3.24.25"	"TAGGCATG+GCGTAAGA"	"SG"	25	"397.2980142"	"0.465"	75	-0.0971692080069619	0.0695703996658468	-0.0544962645537085	0.0232025702378661	-0.254573052220616	-0.210882181415254	-0.0087915407716246	0.103479061929595	-0.032562014174773	-0.195887028316118	0.164912519366055	-0.272833291378267	0.12309911580389	0.0180847721622453	-0.355892692584505	0.00269257838869615	-0.0128148489285592	0.205653651448425	-0.421032544650185
"3.25.25"	"TAGGCATG+CTCTCTAT"	"SG"	25	"253.2096"	"0.9175"	76	-0.0654652095816444	-0.00749477615659671	-0.0379128845157895	-0.311015007660172	0.065550920401974	0.0468217142093747	-0.265168993047019	0.0622719491508739	-0.11031652255929	-0.315438300775977	0.00284347768921911	-0.0586863132351955	0.0767406399461254	0.0581864603618605	0.370107305028604	0.00750254945915579	-0.0858363764492561	-0.329130135343762	-0.131024646075332
"3.28.25"	"CTCTCTAC+TATCCTCT"	"FOb"	25	"345.1098509"	"0.5226"	77	0.00735782318099805	-0.0362609612141088	0.219439553627897	0.189219962116505	-0.305255920133306	0.0840977738818743	-0.0383952074177981	0.193739647536852	-0.145793413741779	0.0339077512605486	-0.506149164718313	-0.245494005691899	0.0754983313912168	0.0855273276918741	0.0192189878918865	0.148110199394574	-0.221952048336513	-0.191327088571758	0.341360876123567
"3.29.25"	"CTCTCTAC+AGAGTAGA"	"FOb"	25	"933.3792556"	"0.9613"	78	0.272018677203708	-0.0987724117733096	-0.154360865441618	0.341916454380343	0.0170605569207101	-0.0204139829440189	-0.0921935565861223	-0.0220955058040545	0.0634759117903215	0.0460207703486514	-0.130753611927379	0.0447873846850491	-0.230353631849073	-0.309993648893844	0.0106113983592933	0.282477086150368	0.283048755486658	0.149635954288288	-0.0224700380640041
"3.31.25"	"TAGGCATG+TATCCTCT"	"SG"	25	"146.5333333"	"0.3381"	79	-0.0901656843354856	-0.11181598766974	0.107709694964018	0.0657669827055065	-0.0882357024746374	-0.259582561327433	-0.0591512009318003	0.244349137792143	0.13769930290722	-0.127518109982588	0.058363592110899	0.493771290861266	0.0788875273083942	-0.194102406607962	0.211905839663082	0.0615710675421724	0.277007944548577	0.117585601653483	0.0820817880611304
"3.34.25"	"CTCTCTAC+GTAAGGAG"	"FOb"	25	"70.93791811"	"0.3025"	80	0.36192883589568	-0.217120028887394	-0.238116540664302	0.27772894725472	0.0742373465275272	-0.0875447664824571	-0.281534898775368	-0.122756296421024	0.0951946079774307	0.1170561644637	0.0146169881887572	0.0349788707820845	0.0282820170498802	0.172820537180006	0.0882560420260674	-0.290576452277405	-0.265574301617439	0.0192128264368301	-0.0654996921882442
"3.36.25"	"TAGGCATG+AGAGTAGA"	"SG"	25	"246.3136576"	"0.2725"	81	-0.117133574951907	-0.0423236634062869	-0.023420646044404	-0.321817733920513	-0.0151887356644667	0.202425240339121	0.023070372283302	-0.055960932858695	-0.0796140872819754	0.148707936941064	0.250916388969856	0.0287311778556969	0.100636491791573	-0.366901959041053	-0.200899363659207	-0.181178626657663	-0.108812377493567	-0.00295486892094718	0.147475601075038
"3.37.25"	"CTCTCTAC+ACTGCATA"	"FOb"	25	"No Value"	"No Value"	82	0.00132683639831822	-0.0715298706348617	0.13076109358426	0.373603111025306	-0.097226411872764	0.177978099463285	0.0365406829399029	0.160041124640375	-0.0273345718949044	-0.0185007659577982	0.545189204652465	0.047353393592266	0.259658723421178	0.207819219631167	-0.0844271995539804	-0.089263922457821	0.0631818137516939	-0.282221718254559	0.0896099884617486
"3.41.25"	"CTCTCTAC+AAGGAGTA"	"FOb"	25	"657.2577978"	"0.7925"	84	-0.134928986660948	0.0453305864012773	-0.119434634205353	0.0757461318800561	-0.0948091393716066	0.111412112110939	-0.0126264302428734	-0.0680945987506303	-0.101923308347583	0.191704882182411	0.167437778359675	-0.108170266564345	0.155099021983418	-0.256546225329777	0.114021637317238	0.458935344459783	0.0516557855176212	-0.00754174509855819	0.19710271509694
"3.48.25"	"CTCTCTAC+CTAAGCCT"	"FOb"	25	"206.2334165"	"0.2974"	87	0.232934166516196	0.204111645307639	-0.520189249950973	-0.262581314852335	0.0984578937534158	-0.148974542169909	0.0614700430036442	0.0511117526542737	-0.0722728258406233	0.0524063838728517	-0.0327467189743064	0.0169001588204894	0.0527426591820739	-0.00696563869467091	-0.00315557824386207	0.0137149077686084	-0.0247998059544838	-0.0486805571715372	0.0775293324073038
"3.53.25"	"TAGGCATG+GTAAGGAG"	"SG"	25	"160.2504024"	"0.1734"	90	-0.105468863808416	0.00863335477806974	-0.182751877166388	-0.052779205379951	-0.323258469543531	0.0366439096526077	-0.128262559190201	-0.192173471834617	0.496191594027748	0.104457136072951	-0.0517453524149206	-0.225061864645778	0.118359596520806	0.137115818808421	0.0343891753685393	0.0907751513979095	0.133534295453711	-0.0867632003412683	-0.190635334421102
"3.56.25"	"CAGAGAGG+CTCTCTAT"	"DIO"	25	"1318.368926"	"1.5343"	91	0.0168033282072806	0.200655201594577	0.0938580276591541	0.0237085070726288	0.0955872681156538	-0.0356056174565952	-0.408130190831112	0.430178244604081	0.173540562476972	0.0670970568647393	-0.0402941500437576	-0.101662943809216	0.0455122992700361	-0.211796976713881	-0.319192617470002	-0.179432169792964	-0.121022589253946	0.164939249267038	0.112164503708877
"3.58.25"	"CAGAGAGG+TATCCTCT"	"DIO"	25	"883.4754947"	"1.2554"	92	-0.0773886929278903	0.411594064654449	0.143824662805897	-0.118045482527423	0.0274848367077529	-0.179518478014786	0.0858586309333903	-0.0176001616958364	-0.117730256395262	0.372656508393593	-0.138798607569768	0.171749158269439	0.0296429777354025	0.305019370240436	-0.163781455469859	0.161460560474269	0.102517067182088	0.105517689933814	-0.139062359554549
"3.59.25"	"TAGGCATG+ACTGCATA"	"SG"	25	"165.2024179"	"0.1894"	93	0.00723728139308159	-0.100025633374615	-0.03669821788151	-0.17879714079012	-0.217032633647168	0.287807370350404	0.205102674596583	0.0260500416991835	-0.00449798663546094	-0.221763176879396	-0.0639996374080083	0.086467334543077	-0.19023201286328	-0.0918465308549115	-0.124527543723389	-0.222764355983512	0.181175500897485	0.170913387345731	0.0818919262866347
"3.73.25"	"CAGAGAGG+GCGTAAGA"	"FOb"	25	"777.8741782"	"1.309"	100	-0.156848671083323	-0.0767512811973756	0.118899774269724	-0.0263793688952249	0.142890017768241	0.0276431271865583	0.192777173929295	0.271447049074053	0.272306060108462	-0.00985370872694363	-0.0750531622666687	-0.357727355640654	-0.384269130202069	0.0577599586854674	0.171779778194427	-0.182139889323607	0.25146641439238	-0.0589331271182329	-0.0825473284058203
"3.79.25"	"TAGGCATG+AAGGAGTA"	"SG"	25	"386.2159107"	"0.5085"	103	0.0592453236606303	-0.194234549184964	-0.107804944292296	-0.0794681764456415	-0.147265229247472	0.00818043317514547	0.261337897542355	0.131393088592328	0.0156216329361474	0.0879290574706191	0.141658182022462	-0.00315133482653895	-0.23141805441706	-0.0790390365639983	0.0752099783100515	0.303418041507237	-0.482828363514717	0.0377523574653347	-0.203536562681517
"3.80.25"	"TAGGCATG+CTAAGCCT"	"SG"	25	"715.2000765"	"0.82"	103	0.110972146330226	-0.179317622491938	-0.204795448367951	-0.0719349870395018	-0.0888498435234387	0.0379727206895451	0.24701243179863	0.18596423005213	-0.354660338995393	0.240450083440571	-0.0191395778757636	-0.120770611686859	0.0856387348674005	0.131438560362922	0.0554573712488821	-0.157716117333252	0.332058636617883	-0.0681902524719906	0.0357893372798459
"3.81.25"	"CAGAGAGG+AGAGTAGA"	"DIO"	25	"No Value"	"0.5596"	104	-0.123805446920995	0.373697518084638	0.0251151724419399	0.166511134977715	0.43966141801716	-0.0302263034948906	0.182492074021687	-0.0210147489955073	0.149812948518029	0.147440744573501	0.172769810784464	-0.182016545090099	-0.0899439239803468	-0.14192348774746	0.199499661689277	-0.0460153859808683	-0.0947708934958311	-0.126925693100765	0.109115102743784
"3.85.25"	"CTCTCTAC+GCGTAAGA"	"SG"	25	"286.6006866"	"0.3686"	106	0.472491269050526	0.0803302718098691	0.433604301015042	-0.354192756840392	-0.0882543699179019	0.0413682191678969	-0.115502216884719	0.0800123765717678	0.0120778112841459	0.0529063743002574	0.0702999472406917	0.0874934325506251	-0.101326461185835	-0.0122569024963903	0.10772465576218	0.0526418416996497	-0.0866200330759838	-0.00807347936111829	-0.0119812613655428
"3.86.25"	"CTCTCTAC+CTCTCTAT"	"SG"	25	"209.8001362"	"0.3081"	106	0.47327985230371	0.0358198680973503	0.153385372793717	0.0665683310668133	0.139194260322279	-0.216164284582365	0.3630111304574	-0.146128784133304	0.0286798642321067	-0.231032835850387	0.013037541219306	-0.109391393294877	0.130217464624215	0.00305626767036722	-0.133027712238966	-0.0352886023488642	0.0768065139265606	-0.070959381734564	0.0432500386315666
"3.90.25"	"CAGAGAGG+GTAAGGAG"	"DIO"	25	"1025.088345"	"1.6764"	108	0.0101060904403669	0.460862494276866	0.0700781967567336	0.092900326618937	-0.325349835968946	0.0553370050708849	0.00546780907107215	-0.267484871179704	0.0269891576808334	-0.243066734965753	0.103428509351432	0.140473090005847	-0.121261543021769	0.138638308993533	0.165145452742847	-0.0236885929673849	0.0451314467652371	0.0163926901306367	0.0750461221985213
"3.92.25"	"CAGAGAGG+ACTGCATA"	"DIO"	25	"541.5250625"	"0.7974"	109	0.0951754921151028	0.0590005665709055	-0.00396122630957673	0.0317973089893194	0.222257382463346	0.69102049160585	-0.074328918231788	-0.197365002814367	0.104055325606816	-0.00449735068506822	-0.16352971019191	0.0961001014508217	0.0994639483063358	0.0221008798605906	-0.0732956241467226	0.0322105885406431	0.0591721011396015	0.11619165949252	-0.178717607596406
