"row.names(wk15)"	"BarcodeSequence"	"Treatment.Group"	"Time.point..weeks."	"Tumor.volume"	"Tumor.weight"	"Cage.number"	"MDS1"	"MDS2"	"MDS3"	"MDS4"	"MDS5"	"MDS6"	"MDS7"	"MDS8"	"MDS9"	"MDS10"	"MDS11"	"MDS12"	"MDS13"	"MDS14"	"MDS15"	"MDS16"	"MDS17"	"MDS18"
"3.03.15"	"TAAGGCGA+GCGTAAGA"	"Control"	15	"57.32463128"	"0.0717"	65	-0.121701331536823	0.337382360149983	-0.0584646891490366	-0.0938172586068977	0.013223402856781	0.276269639430639	0.0981581983810768	-0.160799971061531	0.0336152703927313	0.143250718234537	-0.150565850586517	-0.156061221332389	-0.17017334867246	0.05885411201815	-0.138853866098184	0.00611373339689756	-0.0362809020865463	0.117578088890324
"3.04.15"	"TAAGGCGA+CTCTCTAT"	"Control"	15	"24.22741104"	"0.0311"	65	-0.350841010911768	0.0581165801773256	0.0191986316589848	0.112474831831488	0.287351543411418	-0.043164433417119	0.00653999536387292	-0.19716010122	-0.00554963438850145	0.128196740074542	0.0389573615798786	0.011882352340365	-0.289119931251851	-0.192567350919734	0.204842952220242	0.182911154210162	-0.0153347622428905	0.0076991315213847
"3.05.15"	"TAAGGCGA+TATCCTCT"	"Control"	15	"68.14359757"	"0.1922"	66	-0.385986146175251	0.045099944329076	-0.0969849840889252	0.0729827570527075	0.027033936871594	-0.134670948446617	-0.169086895707361	0.409042031556452	-0.297100157618926	-0.0193208298170272	-0.246872488936809	0.0293316005781938	-0.0355133911799311	0.337612161588759	-0.0827685061283734	0.156109256048294	-0.0395688354900967	0.0858828756404905
"3.06.15"	"TAAGGCGA+AGAGTAGA"	"Control"	15	"109.345005"	"0.1504"	66	-0.132028679882965	0.232057069402786	0.0255122838763485	0.043477388329874	0.00878762472258004	-0.424719006451984	0.0551036626481402	0.023774135905383	0.0318071420993418	0.256591998286917	0.0862130361947072	-0.230984364168337	0.178856521502529	0.00136581749815225	-0.0351402093530785	-0.171184461814848	0.231283640096867	-0.167313458241913
"3.09.15"	"TAAGGCGA+GTAAGGAG"	"Control"	15	"145.1390064"	"0.2418"	68	-0.0944363857429063	0.236370036674304	0.0985770303183539	0.00622012811210667	-0.198476387213169	-0.0831864421568435	0.384202702489923	-0.0216359310681474	0.231644110531741	-0.129986987576144	0.0713467250406078	-0.00478655581641787	0.236796330185212	-0.146002660145653	0.186346006347041	0.120060777551738	-0.147129127262863	0.0434871693796709
"3.18.15"	"TAAGGCGA+ACTGCATA"	"Control"	15	"85.55816736"	"0.335"	72	-0.167513303721042	0.0605597747300042	0.00267876070316268	-0.324667051883082	-0.307374215606689	-0.0860472830567436	-0.104428699596179	0.312693878946115	0.262204007568578	0.264283236874572	-0.145073946213712	0.196209662563197	0.0643210873198791	0.00653437413081007	0.308306940515666	0.0595618379134206	-0.110849298786653	-0.124133077213365
"3.19.15"	"TAAGGCGA+AAGGAGTA"	"Control"	15	"146.8452149"	"0.1218"	73	-0.197884644859357	-0.0105512512906029	0.214723141910569	-0.247383104666761	-0.0528467527807833	0.13685647109477	0.143414170196288	-0.135227480193257	-0.242405739762139	0.0254840679816024	0.0336082345994771	-0.0699419961142421	-0.350484772757309	0.265982729181509	0.112983637857028	-0.0933231257581956	0.15722344789405	-0.0800846266645548
"3.20.15"	"TAAGGCGA+CTAAGCCT"	"Control"	15	"186.0865056"	"0.3652"	73	-0.375093647817247	-0.0117309506974625	0.0137940244491966	-0.0270549582907613	0.0927828151426127	0.182040198097371	0.0112857477738848	-0.189615242540798	-0.0913550211314233	-0.353457097993345	0.249495218119533	0.0499214153275752	0.349362500430987	0.026845168610499	-0.0148765834470447	-0.0602477885763071	0.0217200182393438	-0.0169899940804309
"3.22.15"	"CGTACTAG+GCGTAAGA"	"Control"	15	"541.3447575"	"0.681"	74	-0.226510321968241	0.126167523172561	0.00131325168660144	-0.334597410002861	-0.109376753221154	-0.0577316329181749	-0.196169396736873	-0.161693085400715	0.0669236476811335	-0.286338955375198	0.0868177178494602	0.136655227940013	0.039406744029934	-0.217834456825522	-0.389258092932982	-0.0727700526109832	-0.0227264086554425	0.132315205389559
"3.24.15"	"CGTACTAG+CTCTCTAT"	"SG"	15	"397.2980142"	"0.465"	75	0.0549452133499498	-0.0448968071119446	0.133577790086021	0.161653963607204	0.0339188107879513	0.107960776789074	0.173857674439297	0.0946084633244988	-0.145633797271239	0.0513979302975444	-0.00750451322096315	-0.0580684992578306	0.185180701557139	0.118991716083142	-0.232794898720459	-0.0772802635471643	-0.0384162739384806	-0.43542180424775
"3.25.15"	"CGTACTAG+TATCCTCT"	"SG"	15	"253.2096"	"0.9175"	76	0.109952643365918	0.0535545016702052	-0.406382150102521	-0.0592173856910826	0.110538237937473	0.129033209510643	0.172848877209932	0.0583945979976888	-0.0169307196659415	-0.200370157307594	-0.0558378606381229	-0.135936659895478	0.121789333089309	-0.0518499164314477	0.257501747284093	-0.0964653750325448	0.214525723167141	-0.0145110663750316
"3.28.15"	"AGGCAGAA+AGAGTAGA"	"FOb"	15	"345.1098509"	"0.5226"	77	0.107011384899054	-0.0140240914398509	-0.198993264238024	0.07345361654267	-0.023752476336941	0.019815445903768	0.118284665940657	0.011624251967511	0.185527713746929	0.201344332053812	0.0425187240478068	0.262502490016734	0.156318752695756	0.154202602006339	0.00218072390008573	0.10121104391266	0.601914145295237	0.251167498125999
"3.29.15"	"AGGCAGAA+GTAAGGAG"	"FOb"	15	"933.3792556"	"0.9613"	78	0.111629182069916	-0.00211955917877057	-0.373791161921888	-0.0497218421137493	0.111796802231593	-0.0580142521068078	0.327171128842246	-0.0132060178878489	-0.215948465675009	0.134847655887279	-0.00974423790273551	0.315912482667577	0.143436407868408	-0.107563532179829	-0.119151564125615	-0.0543826287312091	-0.342748239682568	-0.0977592965745042
"3.31.15"	"CGTACTAG+AGAGTAGA"	"SG"	15	"146.5333333"	"0.3381"	79	-0.0427540603174392	-0.0738819437290163	-0.400301966024623	0.309297540559343	0.0323834270470722	-0.27959000112576	-0.223196224220664	-0.281917056436732	0.282911350173754	-0.0641296370851258	-0.0682490887998673	-0.285101629474336	-0.10160740969177	0.0299357785090281	0.028476652889219	0.0102081345496255	-0.217526514488656	-0.103106510391224
"3.34.15"	"AGGCAGAA+ACTGCATA"	"FOb"	15	"70.93791811"	"0.3025"	80	0.0261751607739928	-0.169825581823534	0.191756221376491	-0.0751523841375839	0.0620408606528251	0.118136157336436	-0.0124019599344009	0.0777428847763957	0.0221995736547132	0.145674351904404	-0.288559340770143	-0.566790684674596	0.249250738607329	-0.125643980429776	-0.0381421777642005	0.00844126135184578	0.00380517329302808	0.0528223683328269
"3.36.15"	"CGTACTAG+GTAAGGAG"	"SG"	15	"246.3136576"	"0.2725"	81	0.315556766831304	0.264006179647479	0.206986815283945	-0.0419512803971869	-0.13785271392831	-0.0431079408754098	0.0125051525835663	0.282280808458999	0.184196451026474	-0.340529524245658	0.231157251246233	-0.112220913653685	-0.224641171379345	-0.0154962484954829	0.0610503926162399	0.105967294069528	-0.0708646498859009	-0.0754963187420919
"3.37.15"	"AGGCAGAA+AAGGAGTA"	"FOb"	15	"No Value"	"No Value"	82	0.00724025507191031	-0.227987279010203	0.169314850036428	0.162206381365878	0.0521871051163135	-0.0524034352280676	0.0320068098765998	0.171214828725684	0.0635348583201677	-0.140158449746057	-0.0878167171597527	0.0733972308567039	0.100406077170958	-0.109831730394544	-0.410341249304543	0.313119023087977	0.177889006903058	0.0437983223492841
"3.41.15"	"AGGCAGAA+CTAAGCCT"	"FOb"	15	"657.2577978"	"0.7925"	84	0.052671857898348	-0.171894326886087	-0.0162345981795571	0.0345068417146908	-0.0665616889777377	-0.168669276171617	0.0428309226559814	0.0163744819557436	0.223333739068734	-0.299885528931642	-0.0926217938379245	-0.0820840570517545	-0.12280639373347	0.321911859766195	-0.108326213832942	-0.0512143064221861	-0.00450133538761128	0.0356369734379438
"3.48.15"	"TCCTGAGC+GCGTAAGA"	"FOb"	15	"206.2334165"	"0.2974"	87	-0.210958119655015	-0.255505640897354	-0.0500406716439225	0.393978095457802	-0.299647663089437	0.220072020827843	-0.0249520246376586	0.215056379264555	0.0389740955049134	0.166661291336029	0.374513225631129	0.0241737801316053	-0.267985688469517	-0.345742865707533	-0.0317943200718762	-0.131136755452119	0.0808658038627366	-0.0759484464306166
"3.53.15"	"CGTACTAG+ACTGCATA"	"SG"	15	"160.2504024"	"0.1734"	90	0.147936225838316	0.0720413337341303	-0.129712387006944	0.0398156773363163	-0.334104084120823	0.36009713098208	-0.343023128530434	-0.127096309819786	-0.0771356501253588	0.0616793062052169	-0.225924450606459	0.0992397875069247	0.115818355182666	-0.0441406891554783	-0.0466360311987652	0.272020270371384	-0.145172545495556	-0.183954472627989
"3.56.15"	"TCCTGAGC+TATCCTCT"	"DIO"	15	"1318.368926"	"1.5343"	91	0.0908361233835655	0.0340392614051911	-0.120676610353118	0.117869802166864	-0.0226443622877368	0.229412218706423	-0.0507150419441127	0.180810333219774	0.0588306079563399	0.00363448468181502	0.0261190936262055	-0.0201438841475983	-0.0526585087318613	0.201220636127551	-0.0351418516348001	-0.401859647348344	-0.200833017225163	0.531247762075564
"3.58.15"	"TCCTGAGC+AGAGTAGA"	"DIO"	15	"883.4754947"	"1.2554"	92	0.204745441073645	0.454724342260269	0.09051228367368	0.124437441597355	0.487012554169814	-0.0104596458705204	-0.347709861425576	0.172771992071641	-0.0630358130983719	0.051524186428116	0.117189075591352	0.127617930643947	-0.0260479966276015	-0.114991303142716	-0.0162683015588159	0.0552060921263998	0.038673188413484	-0.0181140260970284
"3.59.15"	"CGTACTAG+AAGGAGTA"	"SG"	15	"165.2024179"	"0.1894"	93	0.125703183291156	-0.246926830689348	-0.200629473290027	-0.241555893283536	0.0598795872468499	-0.215013273823624	0.0643574793615485	0.105227890814989	-0.195719776233998	-0.237741265952715	-0.166609843267637	0.101804976147257	-0.327397300716623	-0.179257959303481	0.0609520967823616	0.0304719032353265	0.121049186730951	-0.13942260043175
"3.73.15"	"TCCTGAGC+CTCTCTAT"	"FOb"	15	"777.8741782"	"1.309"	100	0.0249736071695709	-0.166663850581463	0.230350708038495	0.0821876897379091	0.135344060888565	-0.0674823936157137	-0.0367915729982821	0.149077902401787	-0.113079567124676	-0.0529207995245624	-0.0264320027670613	0.132687426898118	0.149139234688411	-0.0441025815614387	0.219730394325055	-0.418963784183913	-0.213668090452578	-0.0417257172345852
"3.79.15"	"CGTACTAG+CTAAGCCT"	"SG"	15	"386.2159107"	"0.5085"	103	0.149797674855532	0.125645530759885	0.106673416300936	0.10988857844186	-0.0211537783512468	0.203561441575387	0.000942591654497633	-0.220143638128309	0.121854558290115	-0.0745688185729332	-0.295067020358882	0.149522128470728	-0.143787919066127	0.0409919906851625	-0.00897368519195987	-0.303725680616725	0.235281198633737	-0.329455511374811
"3.80.15"	"AGGCAGAA+GCGTAAGA"	"SG"	15	"715.2000765"	"0.82"	103	0.219409365255691	0.0339223838431761	0.0409554621082763	0.0278342412657965	-0.216135823467714	-0.218970646526671	0.0481563135659599	-0.226788528449313	-0.203729116874596	0.204421841564287	0.360929525535714	0.0116847968892018	-0.0426882807007897	0.380064197289695	-0.148736391586856	0.106155564014183	-0.135094523305726	-0.024179493180396
"3.81.15"	"TCCTGAGC+GTAAGGAG"	"DIO"	15	"No Value"	"0.5596"	104	0.036725646397256	-0.223082836455178	0.268543408041703	-0.101018056142439	0.24744420628976	-0.0576197458488703	0.107857591123679	-0.162965298842621	0.375310706892551	0.240322688320694	-0.156406473415512	0.259361783855298	-0.111158381513886	-0.0211974660586578	-0.146572125890142	-0.0254044335531854	-0.181566438246119	0.120984516511574
"3.85.15"	"AGGCAGAA+CTCTCTAT"	"SG"	15	"286.6006866"	"0.3686"	106	0.173679082443769	0.000480095186383582	0.179514946074818	0.0639248167570859	-0.301942988470258	-0.297763574582195	-0.184986499166315	-0.256346055796877	-0.376823937695195	0.0176415093369199	-0.162211339886668	0.0113129159941875	0.0710002329341442	-0.287866276214401	0.121323998273693	-0.138172452646687	0.135305096313421	0.320231638832135
"3.86.15"	"AGGCAGAA+TATCCTCT"	"SG"	15	"209.8001362"	"0.3081"	106	0.0863432115141845	-0.0594116478132046	0.16295817124619	0.240280328048398	0.060894945529775	0.116754046435019	0.241491274240187	-0.0871300216093124	-0.15561131895656	-0.104489954482653	-0.0630203251172654	-0.00331256030338572	-0.0162744412915292	0.0291207609887191	0.299833544357641	0.410488785745393	-0.120448191460481	0.206154854185154
"3.90.15"	"TCCTGAGC+ACTGCATA"	"DIO"	15	"1025.088345"	"1.6764"	108	0.190083125360865	-0.129363489472472	-0.136637356202382	-0.38853815961036	0.110185288903918	0.108589050557536	0.0415539426819001	0.0866820929273092	-0.078213186993933	0.200476007569532	0.241014488356904	-0.304255581549408	-0.080273761923617	-0.185206545023015	-0.154325214192905	0.0680050831314442	-0.0274329280820039	0.0670989363861965
"3.92.15"	"TCCTGAGC+AAGGAGTA"	"DIO"	15	"541.5250625"	"0.7974"	109	0.0702925017441107	-0.326300830066268	0.0319081153307704	-0.191815335099048	0.159064478045105	0.0900161249757488	-0.389107596131381	-0.125652215859277	0.0954040697076489	0.0064656595728383	0.288637616067027	0.0364706186118313	0.201535680445027	0.215661657504997	0.294572195665177	0.090079541578132	0.0506264533322809	-0.0884889211500629
